"","Locus","Allele","Size","Sequence","rev_seq","D1_R1","D1_R2","D2_R1","D2_R2","Sum_R1","Sum_R2","Sum_D1","Sum_D2","Seq_Coverage","Allele_Coverage","Locus_Coverage","Genotype","Coverage_of_Majority_Peaks","peak_height_ratio","Read_Bias","Strand_Bias","Percentage_of_non_Majority_peaks"
"1","AMEL","X","58 bases","TGTTGATTCTTTATCCCAGATGTTTCTCAAGTGGTCCTGATTTTACAGTTCCTACCAC","GTGGTAGGAACTGTAAAATCAGGACCACTTGAGAAACATCTGGGATAAAGAATCAACA",71,63,64,73,135,136,134,137,271,283,602,"Heterogyzous",306,0.8856,0.498154981549816,0.494464944649447,0.0424028268551237
"2","AMEL","Y","64 bases","GGTGGATTCTTCATCCCAAATAAAGTGGTTTCTCAAGTGGTCCCAATTTTACAGTTCCTACCAT","ATGGTAGGAACTGTAAAATTGGGACCACTTGAGAAACCACTTTATTTGGGATGAAGAATCCACC",88,65,65,88,153,153,153,153,306,319,602,"Heterogyzous",306,0.8856,0.5,0.5,0.0407523510971787
"3","CSF1PO","10","40 bases","AGATAGATAGATAGATAGATAGATAGATAGATAGATAGAT","ATCTATCTATCTATCTATCTATCTATCTATCTATCTATCT",248,246,244,247,492,493,494,491,985,1018,2184,"Heterogyzous",995,0.9899,0.499492385786802,0.498477157360406,0.0324165029469548
"4","CSF1PO","11","44 bases","AGATAGATAGATAGATAGATAGATAGATAGATAGATAGATAGAT","ATCTATCTATCTATCTATCTATCTATCTATCTATCTATCTATCT",252,248,248,247,500,495,500,495,995,1050,2184,"Heterogyzous",995,0.9899,0.49748743718593,0.49748743718593,0.0523809523809524
"5","D10S1248","12","48 bases","TTCCTTCCTTCCTTCCTTCCTTCCTTCCTTCCTTCCTTCCTTCCTTCC","GGAAGGAAGGAAGGAAGGAAGGAAGGAAGGAAGGAAGGAAGGAAGGAA",41,40,40,42,81,82,81,82,163,168,1745,"Homozygous",1413,NA,0.496932515337423,0.496932515337423,0.0297619047619048
"6","D10S1248","13","52 bases","GGAAGGAAGGAAGGAAGGAAGGAAGGAAGGAAGGAAGGAAGGAAGGAAGGAA","TTCCTTCCTTCCTTCCTTCCTTCCTTCCTTCCTTCCTTCCTTCCTTCCTTCC",382,335,321,375,703,710,717,696,1413,1532,1745,"Homozygous",1413,NA,0.497523000707714,0.492569002123142,0.0776762402088773
"7","D12S391","17","68 bases","ATCTGTCTGTCTGTCTGTCTGTCTGTCTATCTATCTATCTATCTATCTATCTATCTATCTATCTATCT","AGATAGATAGATAGATAGATAGATAGATAGATAGATAGATAGACAGACAGACAGACAGACAGACAGAT",225,188,188,220,413,408,413,408,821,936,1899,"Heterogyzous",821,0.8685,0.496954933008526,0.496954933008526,0.122863247863248
"8","D12S391","18","72 bases","ATCTGTCTGTCTGTCTGTCTGTCTGTCTATCTATCTATCTATCTATCTATCTATCTATCTATCTATCTATCT","AGATAGATAGATAGATAGATAGATAGATAGATAGATAGATAGATAGACAGACAGACAGACAGACAGACAGAT",186,170,171,186,357,356,356,357,713,823,1899,"Heterogyzous",821,0.8685,0.49929873772791,0.49929873772791,0.133657351154313
"9","D13S317","11","44 bases","GATAGATAGATAGATAGATAGATAGATAGATAGATAGATAGATA","TATCTATCTATCTATCTATCTATCTATCTATCTATCTATCTATC",350,301,304,352,654,653,651,656,1307,1383,2960,"Heterogyzous",1307,0.925,0.499617444529457,0.498087222647284,0.0549530007230658
"10","D13S317","14","56 bases","GATAGATAGATAGATAGATAGATAGATAGATAGATAGATAGATAGATAGATAGATA","TATCTATCTATCTATCTATCTATCTATCTATCTATCTATCTATCTATCTATCTATC",325,279,279,326,604,605,604,605,1209,1295,2960,"Heterogyzous",1307,0.925,0.499586435070306,0.499586435070306,0.0664092664092664
"11","D16S539","11","44 bases","TATCTATCTATCTATCTATCTATCTATCTATCTATCTATCTATC","GATAGATAGATAGATAGATAGATAGATAGATAGATAGATAGATA",75,74,74,74,149,148,149,148,297,314,3221,"Homozygous",2679,NA,0.498316498316498,0.498316498316498,0.054140127388535
"12","D16S539","12","48 bases","TATCTATCTATCTATCTATCTATCTATCTATCTATCTATCTATCTATC","GATAGATAGATAGATAGATAGATAGATAGATAGATAGATAGATAGATA",701,648,648,682,1349,1330,1349,1330,2679,2831,3221,"Homozygous",2679,NA,0.49645390070922,0.49645390070922,0.0536912751677852
"13","D18S51","16","64 bases","AGAAAGAAAGAAAGAAAGAAAGAAAGAAAGAAAGAAAGAAAGAAAGAAAGAAAGAAAGAAAGAA","TTCTTTCTTTCTTTCTTTCTTTCTTTCTTTCTTTCTTTCTTTCTTTCTTTCTTTCTTTCTTTCT",97,90,89,97,186,187,187,186,373,406,3601,"Homozygous",2817,NA,0.498659517426273,0.498659517426273,0.0812807881773399
"14","D18S51","17","68 bases","AGAAAGAAAGAAAGAAAGAAAGAAAGAAAGAAAGAAAGAAAGAAAGAAAGAAAGAAAGAAAGAAAGAA","TTCTTTCTTTCTTTCTTTCTTTCTTTCTTTCTTTCTTTCTTTCTTTCTTTCTTTCTTTCTTTCTTTCT",716,697,699,705,1415,1402,1413,1404,2817,3096,3601,"Homozygous",2817,NA,0.497692580759673,0.498402555910543,0.0901162790697674
"15","D19S433","13","60 bases","CCTTCCTTCCTTCCTTCCTTCCTTCCTTCCTTCCTTCCTTCCTTCCTACCTTCTTTCCTT","AAGGAAAGAAGGTAGGAAGGAAGGAAGGAAGGAAGGAAGGAAGGAAGGAAGGAAGGAAGG",275,265,269,281,544,546,540,550,1090,1209,2477,"Heterogyzous",1090,0.9339,0.499082568807339,0.495412844036697,0.0984284532671629
"16","D19S433","14","64 bases","AAGGAAAGAAGGTAGGAAGGAAGGAAGGAAGGAAGGAAGGAAGGAAGGAAGGAAGGAAGGAAGG","CCTTCCTTCCTTCCTTCCTTCCTTCCTTCCTTCCTTCCTTCCTTCCTTCCTACCTTCTTTCCTT",261,260,244,253,505,513,521,497,1018,1117,2477,"Heterogyzous",1090,0.9339,0.496070726915521,0.488212180746562,0.0886302596239928
"17","D1S1656","16.3","69 bases","CACCTATCTATCTATCTATCTATCTATCTATCTATCTATCTATCTATCTATCATCTATCTATCTATCTA","TAGATAGATAGATAGATGATAGATAGATAGATAGATAGATAGATAGATAGATAGATAGATAGATAGGTG",62,45,45,60,107,105,107,105,212,258,2883,"Homozygous",2263,NA,0.495283018867925,0.495283018867925,0.178294573643411
"18","D1S1656","17.3","73 bases","TAGATAGATAGATAGATGATAGATAGATAGATAGATAGATAGATAGATAGATAGATAGATAGATAGATAGGTG","CACCTATCTATCTATCTATCTATCTATCTATCTATCTATCTATCTATCTATCTATCATCTATCTATCTATCTA",569,563,567,564,1136,1127,1132,1131,2263,2459,2883,"Homozygous",2263,NA,0.498011489173663,0.499779054352629,0.079707198047987
"19","D21S11","27","119 bases","TCTATCTATCTATCTATCTATCTATCTGTCTGTCTGTCTGTCTGTCTATCTATCTATATCTATCTATCTATCATCTATCTATCCATATCTATCTATCTATCTATCTATCTATCTATCTA","TAGATAGATAGATAGATAGATAGATAGATAGATATGGATAGATAGATGATAGATAGATAGATATAGATAGATAGACAGACAGACAGACAGACAGATAGATAGATAGATAGATAGATAGA",344,312,323,328,667,640,656,651,1307,1497,3483,"Heterogyzous",1307,0.9495,0.489671002295333,0.498087222647284,0.126920507682031
"20","D21S11","30","131 bases","TCTATCTATCTATCTATCTGTCTGTCTGTCTGTCTGTCTGTCTATCTATCTATATCTATCTATCTATCATCTATCTATCCATATCTATCTATCTATCTATCTATCTATCTATCTATCTATCTATCTATCTA","TAGATAGATAGATAGATAGATAGATAGATAGATAGATAGATAGATAGATATGGATAGATAGATGATAGATAGATAGATATAGATAGATAGACAGACAGACAGACAGACAGACAGATAGATAGATAGATAGA",316,311,315,299,631,610,627,614,1241,1469,3483,"Heterogyzous",1307,0.9495,0.491539081385979,0.494762288477035,0.155207624234173
"21","D22S1045","14","42 bases","ATTATTATTATTATTATTATTATTATTATTATTACTATTATT","AATAATAGTAATAATAATAATAATAATAATAATAATAATAAT",87,61,61,89,148,150,148,150,298,313,2250,"Homozygous",1614,NA,0.496644295302013,0.496644295302013,0.0479233226837061
"22","D22S1045","15","45 bases","AATAATAGTAATAATAATAATAATAATAATAATAATAATAATAAT","ATTATTATTATTATTATTATTATTATTATTATTATTACTATTATT",404,405,402,403,806,808,809,805,1614,1673,2250,"Homozygous",1614,NA,0.499380421313507,0.498760842627014,0.0352659892408846
"23","D2S1338","19","76 bases","GGAAGGAAGGAAGGAAGGAAGGAAGGAAGGAAGGAAGGAAGGAAGGAAGGAAGGCAGGCAGGCAGGCAGGCAGGCA","TGCCTGCCTGCCTGCCTGCCTGCCTTCCTTCCTTCCTTCCTTCCTTCCTTCCTTCCTTCCTTCCTTCCTTCCTTCC",341,315,320,338,661,653,656,658,1314,1601,3337,"Heterogyzous",1325,0.9917,0.496955859969559,0.49923896499239,0.179262960649594
"24","D2S1338","20","80 bases","TGCCTGCCTGCCTGCCTGCCTGCCTGCCTTCCTTCCTTCCTTCCTTCCTTCCTTCCTTCCTTCCTTCCGTCCTTCCTTCC","GGAAGGAAGGACGGAAGGAAGGAAGGAAGGAAGGAAGGAAGGAAGGAAGGAAGGCAGGCAGGCAGGCAGGCAGGCAGGCA",346,319,328,332,674,651,665,660,1325,1480,3337,"Heterogyzous",1325,0.9917,0.491320754716981,0.49811320754717,0.10472972972973
"25","D2S441","11","44 bases","TCTATCTATCTATCTATCTATCTATCTATCTATCTATCTATCTA","TAGATAGATAGATAGATAGATAGATAGATAGATAGATAGATAGA",223,217,219,222,442,439,440,441,881,919,2214,"Heterogyzous",967,0.9111,0.498297389330306,0.499432463110102,0.0413492927094668
"26","D2S441","12.3","51 bases","TAGATAGATAGATAGATAGATAGATAGATAGATGATAGATAGATAGATAGA","TCTATCTATCTATCTATCATCTATCTATCTATCTATCTATCTATCTATCTA",253,232,232,250,485,482,485,482,967,1046,2214,"Heterogyzous",967,0.9111,0.498448810754912,0.498448810754912,0.0755258126195029
"27","D3S1358","15","60 bases","ATCTATCTGTCTGTCTATCTATCTATCTATCTATCTATCTATCTATCTATCTATCTATCT","AGATAGATAGATAGATAGATAGATAGATAGATAGATAGATAGATAGACAGACAGATAGAT",254,243,247,249,501,492,497,496,993,1101,2219,"Heterogyzous",993,0.7714,0.495468277945619,0.499496475327291,0.0980926430517711
"28","D3S1358","17","68 bases","ATCTATCTGTCTGTCTGTCTATCTATCTATCTATCTATCTATCTATCTATCTATCTATCTATCTATCT","AGATAGATAGATAGATAGATAGATAGATAGATAGATAGATAGATAGATAGACAGACAGACAGATAGAT",199,185,189,193,388,378,384,382,766,867,2219,"Heterogyzous",993,0.7714,0.493472584856397,0.498694516971279,0.116493656286044
"29","D5S818","11","44 bases","AGATAGATAGATAGATAGATAGATAGATAGATAGATAGATAGAT","ATCTATCTATCTATCTATCTATCTATCTATCTATCTATCTATCT",289,248,248,290,537,538,537,538,1075,1124,2802,"Heterogyzous",1351,0.7957,0.49953488372093,0.49953488372093,0.0435943060498221
"30","D5S818","13","52 bases","AGATAGATAGATAGATAGATAGATAGATAGATAGATAGATAGATAGATAGAT","ATCTATCTATCTATCTATCTATCTATCTATCTATCTATCTATCTATCTATCT",356,318,323,354,679,672,674,677,1351,1422,2802,"Heterogyzous",1351,0.7957,0.49740932642487,0.498889711324944,0.049929676511955
"31","D7S820","7","28 bases","TATCTATCTATCTATCTATCTATCTATC","GATAGATAGATAGATAGATAGATAGATA",35,34,33,34,68,68,69,67,136,136,2428,"Homozygous",2176,NA,0.5,0.492647058823529,0
"32","D7S820","8","32 bases","GATAGATAGATAGATAGATAGATAGATAGATA","TATCTATCTATCTATCTATCTATCTATCTATC",550,545,543,538,1093,1083,1095,1081,2176,2268,2428,"Homozygous",2176,NA,0.497702205882353,0.496783088235294,0.0405643738977072
"33","D8S1179","16","64 bases","TAGATAGATAGATAGATAGATAGATAGATAGATAGATAGATAGATAGATAGACAGATAGATAGA","TCTATCTATCTGTCTATCTATCTATCTATCTATCTATCTATCTATCTATCTATCTATCTATCTA",189,175,181,190,370,365,364,371,735,798,2516,"Heterogyzous",1197,0.614,0.496598639455782,0.495238095238095,0.0789473684210526
"34","D8S1179","18","72 bases","TCTATCTATCTGTCTATCTATCTATCTATCTATCTATCTATCTATCTATCTATCTATCTATCTATCTATCTA","TAGATAGATAGATAGATAGATAGATAGATAGATAGATAGATAGATAGATAGATAGATAGACAGATAGATAGA",320,285,283,309,603,594,605,592,1197,1299,2516,"Heterogyzous",1197,0.614,0.496240601503759,0.494569757727652,0.0785219399538106
"35","DYS391","9","36 bases","TAGATAGATAGATAGATAGATAGATAGATAGATAGA","TCTATCTATCTATCTATCTATCTATCTATCTATCTA",21,17,15,18,36,35,38,33,71,71,835,"Homozygous",718,NA,0.492957746478873,0.464788732394366,0
"36","DYS391","10","40 bases","TAGATAGATAGATAGATAGATAGATAGATAGATAGATAGA","TCTATCTATCTATCTATCTATCTATCTATCTATCTATCTA",180,177,178,183,358,360,357,361,718,748,835,"Homozygous",718,NA,0.498607242339833,0.497214484679666,0.0401069518716578
"37","DYS392","11","33 bases","ATAATAATAATAATAATAATAATAATAATAATA","TATTATTATTATTATTATTATTATTATTATTAT",1,0,0,0,1,0,1,0,1,2,2,"Heterogyzous",1,1,0,0,0.5
"38","DYS392","11","33 bases","TATTATTATTCTTATTATTATTATTATTATTAT","ATAATAATAATAATAATAATAAGAATAATAATA",0,1,0,0,0,1,1,0,1,2,2,"Heterogyzous",1,1,0,0,0.5
"39","FGA","18","72 bases","TTTCTTTCTTTCTTTTTTCTCTTTCTTTCTTTCTTTCTTTCTTTCTTTCTTTCTTTCTTTCTCCTTCCTTCC","GGAAGGAAGGAGAAAGAAAGAAAGAAAGAAAGAAAGAAAGAAAGAAAGAAAGAGAAAAAAGAAAGAAAGAAA",261,246,247,266,508,512,507,513,1020,1091,2522,"Heterogyzous",1080,0.9444,0.498039215686275,0.497058823529412,0.0650779101741522
"40","FGA","21","84 bases","GGAAGGAAGGAGAAAGAAAGAAAGAAAGAAAGAAAGAAAGAAAGAAAGAAAGAAAGAAAGAAAGAGAAAAAAGAAAGAAAGAAA","TTTCTTTCTTTCTTTTTTCTCTTTCTTTCTTTCTTTCTTTCTTTCTTTCTTTCTTTCTTTCTTTCTTTCTTTCTCCTTCCTTCC",275,268,268,269,543,537,543,537,1080,1157,2522,"Heterogyzous",1080,0.9444,0.497222222222222,0.497222222222222,0.0665514261019879
"41","GATAH4","9","36 bases","TCTATCTATCTATCTATCTATCTATCTATCTATCTA","TAGATAGATAGATAGATAGATAGATAGATAGATAGA",1,0,0,0,1,0,1,0,1,1,2,"Heterogyzous",1,1,0,0,0
"42","GATAH4","10","40 bases","TAGGTAGATAGATAGATAGATAGATAGATAGATAGATAGA","TCTATCTATCTATCTATCTATCTATCTATCTATCTACCTA",0,1,0,0,0,1,1,0,1,1,2,"Heterogyzous",1,1,0,0,0
"43","PENTAD","9","79 bases","GAAAGAAAAAAAAGAAAGAAAAGAAAAGAAAAGAAAAGAAAAGAAAAGAAAAGAAAAGAAAAAACGAAGGGGAAAAAAA","TTTTTTTCCCCTTCGTTTTTTCTTTTCTTTTCTTTTCTTTTCTTTTCTTTTCTTTTCTTTTCTTTCTTTTTTTTCTTTC",325,291,291,319,616,610,616,610,1226,1367,3016,"Heterogyzous",1384,0.8858,0.497553017944535,0.497553017944535,0.103145574250183
"44","PENTAD","11","89 bases","GAAAGAAAAAAAAGAAAGAAAAGAAAAGAAAAGAAAAGAAAAGAAAAGAAAAGAAAAGAAAAGAAAAGAAAAAACGAAGGGGAAAAAAA","TTTTTTTCCCCTTCGTTTTTTCTTTTCTTTTCTTTTCTTTTCTTTTCTTTTCTTTTCTTTTCTTTTCTTTTCTTTCTTTTTTTTCTTTC",364,335,332,353,696,688,699,685,1384,1581,3016,"Heterogyzous",1384,0.8858,0.497109826589595,0.494942196531792,0.12460468058191
"45","PENTAE","11","55 bases","AAAGAAAAGAAAAGAAAAGAAAAGAAAAGAAAAGAAAAGAAAAGAAAAGAAAAGA","TCTTTTCTTTTCTTTTCTTTTCTTTTCTTTTCTTTTCTTTTCTTTTCTTTTCTTT",165,156,158,163,323,319,321,321,642,698,1689,"Heterogyzous",721,0.8904,0.496884735202492,0.5,0.0802292263610315
"46","PENTAE","19","95 bases","AAAGAAAAGAAAAGAAAAGAAAAGAAAAGAAAAGAAAAGAAAAGAAAAGAAAAGAAAAGAAAAGAAAAGAAAAGAAAAGAAAAGAAAAGAAAAGA","TCTTTTCTTTTCTTTTCTTTTCTTTTCTTTTCTTTTCTTTTCTTTTCTTTTCTTTTCTTTTCTTTTCTTTTCTTTTCTTTTCTTTTCTTTTCTTT",203,174,174,170,377,344,377,344,721,826,1689,"Heterogyzous",721,0.8904,0.477115117891817,0.477115117891817,0.127118644067797
"47","TH01","6","24 bases","TCATTCATTCATTCATTCATTCAT","ATGAATGAATGAATGAATGAATGA",35,23,26,34,61,57,58,60,118,122,2813,"Homozygous",2623,NA,0.483050847457627,0.491525423728814,0.0327868852459016
"48","TH01","7","28 bases","TCATTCATTCATTCATTCATTCATTCAT","ATGAATGAATGAATGAATGAATGAATGA",683,613,645,682,1328,1295,1296,1327,2623,2684,2813,"Homozygous",2623,NA,0.493709492947007,0.494090735798704,0.0227272727272727
"49","TPOX","8","32 bases","AATGAATGAATGAATGAATGAATGAATGAATG","CATTCATTCATTCATTCATTCATTCATTCATT",344,294,301,341,645,635,638,642,1280,1323,2529,"Heterogyzous",1280,0.7836,0.49609375,0.4984375,0.0325018896447468
"50","TPOX","11","44 bases","AATGAATGAATGAATGAATGAATGAATGAATGAATGAATGAATG","CATTCATTCATTCATTCATTCATTCATTCATTCATTCATTCATT",255,249,249,250,504,499,504,499,1003,1044,2529,"Heterogyzous",1280,0.7836,0.497507477567298,0.497507477567298,0.039272030651341
"51","VWA","15","68 bases","TAGATGGATAGATAGATAGATAGATAGATAGATAGATAGATAGATAGACAGACAGACAGACAGATAGA","TCTATCTGTCTGTCTGTCTGTCTATCTATCTATCTATCTATCTATCTATCTATCTATCTATCCATCTA",319,283,285,318,604,601,602,603,1205,2406,2671,"Heterogyzous",1205,0.8531,0.498755186721992,0.499585062240664,0.499168744804655
"52","VWA","15","68 bases","TAGATGGATAGATAGATAGATAGATAGATAGATAGATAGATAGATAGATAGACAGACAGACAGATAGA","TCTATCTGTCTGTCTGTCTATCTATCTATCTATCTATCTATCTATCTATCTATCTATCTATCCATCTA",261,252,254,261,515,513,513,515,1028,2406,2671,"Heterogyzous",1205,0.8531,0.499027237354086,0.499027237354086,0.572734829592685
